x1=7.92
y1=.4997

x2=8.92
y2=.4997

length=sqrt((x1^2+y1^2))
